14646
11360,9272
7146,14163
13128,1768
13325,14030
4526,14567
1479,4331
8904,5903
6170,12874
8066,1607
1659,1744
7389,325
1534,9762
9683,11826
13757,1856
6561,11160
7765,7686
10811,6822
3207,9534
14560,4790
6469,3879
3487,8493
3538,3877
9958,6419
39,5074
8363,11196
1400,2501
10206,4659
2601,2959
5044,5876
3045,11466
1341,9439
1732,9167
7329,12080
12590,6441
10413,652
13614,9769
7577,1406
8408,11345
7091,381
3183,1666
446,5067
13396,12382
7035,9856
10654,7200
9280,11716
11665,4163
3190,11488
1464,11675
11568,4712
1764,10560
5391,4518
5884,12943
4103,544
13299,1623
2239,6381
8024,4721
6788,11803
11425,7250
2748,7221
9545,13906
4754,6450
4333,10415
1493,9426
1737,589
8777,6297
4683,651
8236,5629
12902,6669
7089,12761
7533,1012
13465,3994
13243,11501
7342,4329
11832,11070
10199,14352
790,12839
10472,5046
12277,11678
5959,4724
12254,7676
2529,9644
6031,4717
14150,9565
5866,6798
6653,8326
4788,563
4156,11415
720,10171
12268,14637
5280,3148
1398,12955
13449,459
6803,122
9494,8405
704,14303
10520,12212
12339,3425
10538,5405
4648,12258
7257,4306
6947,1877
10844,13823
10209,13392
7983,11137
12353,13621
6468,950
13760,7140
6735,399
4275,10383
7840,4083
10804,153
2443,3133
11871,7479
9592,4927
4819,11518
1571,12250
8281,8033
4889,2485
4320,405
4255,3686
13742,155
915,10485
300,7845
8647,5513
1884,13772
2412,14552
4640,5070
5508,12844
9757,12861
6122,4262
11682,10793
4371,8505
3551,3790
5583,9510
2576,7144
10422,5216
8430,8381
4188,5755
11854,8642
5400,8275
6745,8535
246,5711
8432,6902
883,157
9548,3934
14310,2730
12458,2052
1603,1408
13728,9386
4935,11801
1938,10702
10830,10747
14644,12971
10388,9251
4046,791
4964,9018
5185,14322
202,4682
13753,8744
5060,4237
401,7346
4471,1130
5591,6836
852,13220
1849,3888
4430,9019
13806,10088
12483,355
12767,13640
1415,5383
6661,8396
5677,12281
7313,9767
10829,4882
12392,4399
9934,11685
2954,13292
1892,12480
13078,1444
11261,14541
175,8521
10849,5702
12815,3642
7704,3496
5341,6204
6804,10253
534,5007
9410,11751
2817,1254
4746,13384
11965,6134
9641,2468
1149,12814
5011,164
5771,3788
755,7834
4923,12560
3915,8614
1016,2836
8063,8291
14585,1382
14619,295
13828,10565
11155,5351
9955,2330
10449,13598
5740,11445
14156,2941
394,3048
10611,6533
5928,3542
6849,1687
9735,5237
6628,6301
2073,9882
7616,863
1772,1476
1630,2350
6766,9051
14046,8312
7223,14165
2399,11111
12776,75
5974,10072
9924,13129
7525,12282
8393,2460
13551,518
9450,12414
13538,13317
232,12592
8123,3666
13919,8781
12690,9582
4939,11796
8530,1551
9008,14519
9696,7806
8578,9269
13017,13221
9395,5770
13347,4227
3907,2607
12852,845
11322,331
1295,10690
796,7372
12994,4780
12035,6942
6174,12062
386,4863
3435,12621
13334,2190
12465,409
3027,6627
4723,14127
6251,5131
9185,13214
10500,578
1089,13059
5272,5289
7732,9878
14275,181
3959,817
9728,1604
9323,4022
11357,11878
5105,13250
4807,4999
13780,5338
3365,2830
83,12266
4516,7436
14350,9048
13380,9862
11081,13583
4318,7635
2251,13162
5306,9084
7510,1226
12386,3848
9861,2152
1347,828
1585,13043
11351,12962
9830,4703
13739,14249
6484,1661
5329,6302
10831,2117
11839,9650
2162,12486
3361,7528
5083,14548
7266,9295
8716,497
7289,8860
13417,6309
735,6953
13379,12773
2912,8456
7910,5958
10457,14269
347,1450
7777,8856
7104,13878
13633,7824
1921,7381
12704,14022
9733,5737
9690,7909
12276,7431
13925,8883
6872,2436
3661,10338
9313,724
1906,7136
964,2579
12818,10024
282,8240
2318,10470
11276,5473
3070,11259
3875,8875
12261,10428
4541,2745
10044,13080
6216,13399
3221,6662
260,2577
10841,1286
2033,9812
5017,1679
6250,1142
4815,239
453,5191
7435,13576
3323,3432
4530,9935
10835,2376
5244,7052
14250,8031
1788,1102
13407,7591
4265,13343
1029,11772
4222,4382
4710,13524
7790,8834
10775,9334
2200,5453
4538,7783
10217,3493
5112,12387
5161,6201
8089,6785
10205,1110
8865,3942
2672,2143
7674,5128
6513,211
4966,11544
1300,7075
9883,1525
8641,12693
3613,6406
2153,4073
14312,3856
12914,10197
5622,4282
5644,12724
2007,10365
9765,13804
4321,12578
74,10246
12731,10808
9760,5048
11514,103
11977,5055
7343,11269
1718,3673
5720,3136
10613,9615
7795,14063
6244,5753
354,6312
730,10919
7253,2884
4332,13013
9143,11627
13093,10020
3093,11691
5993,6157
5483,8967
3272,3223
4509,7108
13089,10691
1792,6537
5869,8421
11064,1258
250,4603
6833,4765
11242,13654
7803,12652
11179,1662
4398,4420
6236,2533
180,11169
12670,9616
2865,6445
706,3735
3999,14612
3063,13895
4388,2790
13023,1866
7015,13875
17,14522
11465,13935
11075,4134
3822,9335
9128,10541
4745,11238
1113,8659
1501,1277
11615,12158
8989,7088
5152,4620
9662,14012
4668,12766
3784,2482
3545,3245
6857,3281
10550,656
2258,3398
4739,6340
5698,11035
10298,6246
7301,14554
11474,1901
2348,11979
13550,38
8610,6083
9434,9402
9533,3928
430,10192
1122,307
6805,10601
9305,2841
11349,11918
4178,8845
11297,13438
4439,13790
5647,9591
1547,3519
13834,5649
2669,5560
13149,5212
11960,12510
7206,2377
262,13684
4825,4555
3150,7957
12485,5238
10942,7460
2927,12182
5668,3286
11365,11947
4431,3992
7437,3962
2473,14248
9569,8374
13766,13462
12094,2653
4344,13360
5745,3692
13883,8589
8500,11497
6925,12752
979,7058
2414,7054
11096,1528
13488,1316
7341,10418
2344,6304
5259,1475
10759,3841
13736,14136
14044,2320
13952,2680
5133,14128
635,13553
8200,13670
11047,5890
6180,669
9939,9331
5409,10442
8416,736
6851,6930
683,12091
8828,6268
1294,6650
10121,813
6271,13716
6840,12038
10881,2158
7658,11558
5942,7970
10469,11234
11498,14573
9585,8293
11085,1292
11154,229
11175,11208
1918,1049
3315,3948
4102,5218
2722,13685
9340,5809
10156,5585
10801,8220
11073,10218
5398,7905
13344,5313
1068,10777
13452,7048
7007,5631
10127,1743
3908,13702
5429,1409
13370,990
13880,4594
4547,6811
8261,12123
11640,7532
10635,11798
9368,12958
1004,3648
9842,4041
7041,1078
7453,9337
5021,3927
3120,7407
10482,7865
1993,986
1101,5215
3800,12719
13588,9589
7514,538
2567,12548
2792,3333
13886,8697
2761,11807
3714,13987
73,13517
9443,268
1361,14492
7700,10937
2574,3058
1887,12739
10070,5856
11661,694
7531,1779
1574,5084
11940,8217
11055,139
1541,3576
9104,7337
10875,13601
822,13982
9042,8178
1082,5874
1857,2321
6829,9475
8177,1840
6431,9131
2121,7263
1995,12666
4741,9085
6344,11178
8310,5590
10032,7032
9182,7522
7612,8851
4706,3821
3995,90
1669,13447
10129,9129
866,3867
7247,14359
13034,14278
11571,8665
1724,2232
5805,5402
4285,4971
10882,5944
1248,3931
4873,14032
14045,10584
10332,13997
2701,3125
13630,12862
2363,8037
9502,7752
2048,291
3986,10405
1836,1148
91,13280
8901,10734
11735,13296
9586,7998
14072,304
6291,13208
6652,4542
1368,13770
12812,6659
9527,797
3696,3157
9981,1005
2715,3829
2512,13692
994,561
11492,13056
13535,7398
4186,3801
3385,13010
13768,2531
10617,8718
4958,9528
4192,3861
2227,12321
12078,3595
8545,6478
4550,12744
2793,2901
2090,8800
13559,12381
9358,8763
10242,1964
1844,9706
7378,10898
11896,11536
13479,8957
5979,613
1656,5442
7439,4619
4021,12041
12673,11559
2928,20
14448,9424
1639,12610
2741,14262
11391,8970
2990,12728
4241,11022
7415,4968
7050,1165
10260,13842
9117,5897
7945,7835
13060,13245
1394,4504
10625,4129
11270,10662
1175,13463
280,8347
10040,8884
9666,14226
14405,14453
8223,10663
2328,12658
2127,5598
5343,10505
12425,13707
11354,10128
6705,2903
3588,1073
13020,10060
9863,9235
5801,177
5278,10807
6019,12789
8202,11792
1622,7312
5269,6969
4553,13506
9923,13582
5846,11677
12644,4264
12557,9660
789,5780
10908,2491
14459,7860
13434,1633
2077,3938
4773,8888
4200,12034
9021,9112
2112,1221
11385,11019
11109,6283
10168,5223
13382,2991
14302,598
9991,12271
6348,5295
642,4293
9825,11717
3373,7001
12921,12992
6589,14577
11375,10083
7858,5380
11222,1524
10432,199
5000,9061
12233,11362
12614,7074
8696,7228
12966,13881
494,13808
12167,10323
7720,4704
13350,7691
9594,13710
11340,10250
7662,4325
2827,7491
11710,4897
1888,6865
4055,2365
12542,6671
7709,884
5782,1214
6326,5619
13994,13328
10865,4976
8376,3040
8203,10219
1137,12513
5253,13138
10938,1112
12826,12798
5205,14488
8341,10281
13340,3073
4792,2387
4974,4522
11673,12667
6036,3592
2683,5685
2269,3654
5068,5547
4029,3208
13246,5905
3465,7224
10315,8527
10462,6961
511,10207
14597,11797
10825,5432
5738,9946
5515,11495
3866,10570
5219,5787
11630,3153
8297,1272
1897,11447
5932,10458
718,9702
11122,11051
9286,11842
7869,12854
206,13209
6341,14291
1158,12408
2988,9240
5464,3175
1997,13011
2920,1506
2764,2260
8418,8169
2955,60
13327,5773
13912,2947
12363,14370
14326,13748
10280,7684
1467,5912
9046,6308
11006,3539
2053,9231
10164,10975
11209,13737
8634,8562
5572,1992
7043,2696
10329,5096
3003,1397
4879,9083
14538,8300
5868,12107
1484,12661
14052,8021
2172,2888
1706,12402
4290,588
13471,160
10381,1778
12584,7368
8754,12175
3180,8263
756,10695
10731,1703
6167,11747
13306,8443
13476,9753
12518,5650
7211,715
11770,10262
11353,11607
1953,10589
7505,3602
12243,13319
11848,9839
3572,7593
1023,9739
7725,12679
445,5178
3530,8039
5896,8282
11337,6999
10111,13375
3978,6633
12334,9370
8673,12714
13623,3343
11587,12779
2209,13219
8975,4261
5689,10480
10393,8876
5137,7392
2481,10453
6458,22
3023,2493
11991,11042
5794,4952
5592,13182
9835,13552
342,785
1711,971
11619,6618
480,12790
4832,14133
14414,11761
6194,7426
8422,7511
11225,1805
14271,858
8079,11793
554,3795
2356,9108
10957,7370
1688,11548
650,10566
10368,290
2067,6615
3557,2583
2302,958
133,10326
4211,12057
3068,14119
9404,203
4048,11768
6058,5875
11308,472
10243,11294
9005,8327
13819,204
10675,4584
9553,10814
7236,2564
7119,13898
14399,12147
5077,7823
14043,886
7584,2408
9526,9741
2630,824
10149,11830
10598,4846
10515,9681
8940,4143
2566,1227
1159,8955
9841,696
4803,12488
9631,6061
13116,2058
2675,9951
13308,27
13470,10424
14578,10547
1195,2767
4112,13509
5842,10632
3224,12954
328,5119
7268,11526
4154,6027
2977,13057
13526,7745
890,8086
6952,10215
7677,1959
238,11680
6454,13425
3886,4784
8710,6319
14300,87
1605,9855
5302,9977
1352,522
41,10229
6130,11480
5413,2425
1739,14428
11318,10117
8402,4515
9372,12730
8917,8308
661,8103
7374,4063
1346,12489
4184,10191
14183,14592
5431,6203
2044,12686
7280,14629
11368,11130
9600,3525
13260,5208
3146,14270
13567,2495
11923,5968
4634,2102
11490,5298
7290,10106
6585,10344
6719,50
14049,2139
11552,3756
12331,13076
6349,1952
7833,2627
12969,9539
13666,10753
13743,6472
4369,110
1942,8484
8906,811
10763,6592
12948,6825
12326,4044
4374,3901
10141,2165
14247,5964
5126,1517
9401,11519
3034,11098
11127,3459
2904,4396
4514,14377
19,4092
3982,5749
6932,14273
11654,3391
11720,321
12133,8343
9383,14549
11044,1930
2282,5699
2119,14460
546,11653
10959,10468
6335,13673
6038,13771
9446,11950
11218,8453
2032,7627
7611,12982
12308,12086
2145,1268
10080,14483
13840,11660
7150,3759
12053,14162
5394,9137
8983,10682
10061,5908
10868,6446
4176,5116
10867,8926
12845,10256
3972,4472
3882,1160
6881,398
5568,5599
6369,8109
6393,5239
10346,11503
10239,14112
4391,14324
8774,12981
2017,4359
11417,1793
11726,5994
8911,6796
13619,9462
2840,138
6039,13288
11232,7574
9926,11319
6957,5285
10743,11631
8898,1879
4965,8579
8035,1803
7397,14474
3695,10433
10845,6908
3937,5991
7915,2186
13004,2850
1438,5081
8801,2573
8980,12330
645,14421
1053,14217
4962,12120
2860,10203
10508,8392
13096,13944
6753,11613
13734,9388
3672,8337
11072,5377
1708,9488
8820,2384
486,2013
2881,7498
6718,14398
9967,5734
2204,426
7317,3902
9590,12144
3670,8523
9120,11206
6112,9288
9870,527
712,8062
2823,9399
8095,4043
10944,12593
1284,1860
2035,3297
12341,9012
9304,746
11316,9476
11606,11933
12194,7324
3891,10027
6774,11011
4377,3109
6607,12224
13473,6392
6847,13522
3860,3727
3429,285
13254,6062
5527,11197
2849,8874
8990,2130
8976,5778
5330,1643
10220,12036
9087,2899
2300,190
1048,13635
8945,6193
4047,6447
10096,13989
13532,1200
222,10551
1807,2080
2629,5877
11216,11296
6225,5180
1213,3483
11574,9138
11264,2721
2743,3987
9253,6968
4079,7442
7768,11108
13271,245
7749,2775
3583,13371
10026,6529
8621,2805
8878,10787
12296,5375
4342,14633
5518,8457
7882,13278
14176,9630
11942,11778
13448,5902
12070,7461
8163,4928
3739,14598
7718,12216
21,11191
13653,893
8188,11902
5013,8902
2009,7230
3706,12248
8159,6708
4039,2753
868,7299
10939,3091
6562,8750
6096,13053
8053,1814
11094,8344
8817,13776
4677,5014
6780,11925
1773,10863
9101,7217
1348,8296
517,10212
3725,162
2762,14299
13905,5345
150,10935
11000,6184
3314,2012
4608,1065
8299,11515
2216,3755
4273,1472
2441,9196
9498,8867
5691,11291
3271,6175
9809,11852
6153,3655
9624,10492
11241,6129
7316,7067
11396,5422
4138,3880
303,4402
13861,12856
4065,1680
6629,5268
7123,10656
9764,4981
8449,5528
1861,9899
11481,12
9162,5370
10712,12742
10286,10609
5520,1801
8583,6323
3219,7619
4062,6165
14009,2768
2310,8277
4828,11773
12394,14158
9242,11594
3446,3262
4189,8672
14148,2167
11409,4060
3575,548
168,13913
5490,10643
13274,13330
6493,11253
4252,4354
8596,13689
7583,8567
13795,6546
8354,104
12526,11658
6982,9656
7748,3847
10623,5957
3862,923
2820,6040
11604,9549
3598,2929
131,1093
6773,316
8580,12577
3868,5051
10318,2123
7680,14321
2910,9479
9580,2093
7911,12653
1564,8546
10688,8166
10819,7366
6552,2076
11825,8630
12043,7347
14534,26
9884,14531
692,2806
6936,4942
5489,12029
6436,8329
7632,10407
7984,3728
5563,10710
7219,4876
5479,7653
13213,7654
9036,2603
12600,5927
3088,11688
7179,7618
11844,11188
6285,9916
8000,11328
6675,11454
12262,10751
12361,12455
998,2015
1569,6713
9485,1256
13794,13191
7494,6743
4821,4298
4662,36
14229,4351
14253,12385
3320,14383
12423,8129
7754,10274
13762,13652
5511,3782
443,3067
1749,6832
7552,13366
1530,11818
5690,7170
7696,2492
10925,8441
3466,6800
3282,8108
13783,4076
12880,13273
11110,7928
11100,13114
10764,3249
9910,10604
2317,14570
721,7819
1533,1474
9508,10276
6625,8803
3745,4694
9014,13896
11701,13489
3075,7298
12676,13192
2523,7210
5310,12000
3850,7394
3289,1782
7802,11421
5033,8822
4557,6568
10943,7241
1594,13580
7288,11912
4153,6464
13497,4714
7621,11344
8468,3405
6688,10783
6692,6374
3486,9385
14412,3484
8768,11223
7020,12490
3144,905
8633,13547
13405,13660
2114,11590
13253,3356
12367,3689
9429,9465
9001,7797
11572,11436
13953,5540
13230,12274
3264,4771
2075,2562
1269,14530
85,8585
7009,7842
9168,7098
7497,7603
12668,3112
9608,9483
8072,4362
11278,7178
6399,9448
1461,3475
11541,11593
644,10705
8759,11647
5504,8551
1499,2729
10467,5760
7524,3846
9064,4170
10039,8064
4798,3669
9277,12225
14547,9397
4335,6077
5566,11856
10484,4598
2374,233
12868,8914
5206,939
8912,2757
8260,10790
10031,11644
833,11540
3965,9504
3456,3640
5307,4653
9824,8944
13964,1242
13196,6004
3641,1414
2548,10674
11298,13124
11245,12701
2549,1505
13329,2714
637,4208
2120,1351
11089,6041
10419,287
4256,4497
6694,5157
2853,3206
422,7846
10270,2094
8257,10871
9122,9953
7204,2261
14389,3117
12700,14203
14198,4428
7968,2557
6905,8150
8866,7663
9105,3760
11980,11346
5833,12619
2179,14034
13801,3762
515,14384
5251,12199
12662,12238
640,12014
2319,3990
1279,7181
14175,11683
13237,11657
9310,6289
3808,11597
743,11808
4822,1031
4535,12324
1931,3703
11545,3081
13022,6815
2618,11877
156,2297
585,11988
14144,14143
5786,11900
5271,6862
11326,5124
3480,13747
6267,1045
3541,9188
3024,11043
761,10182
2191,14622
13659,9713
8084,8446
3639,11140
11695,2546
4384,1705
758,10689
5414,3769
7468,358
14425,942
13215,11026
6821,11290
11634,6480
242,7469
2393,8794
9284,6914
12797,12164
5633,13387
6495,12964
10454,7936
7029,4469
13480,7279
11824,9314
9994,3749
10984,12983
11381,1192
11335,1470
3471,13864
2569,3210
14297,1442
14292,14555
2341,5607
12605,5064
11907,1645
2992,3359
14145,10324
12217,12302
4027,13641
619,4426
3665,3693
5061,5255
464,12081
6634,7868
7560,12632
5522,5933
11656,1291
6025,12910
13865,10521
5346,5673
1692,11567
11831,1143
5417,603
12757,13118
1521,11403
7213,8859
6739,3433
10649,14097
7003,6959
8292,9705
9268,5386
6704,13432
13933,6385
7527,13809
1127,3607
10251,13721
2526,774
5177,3381
11414,9904
8984,9523
4327,7854
12079,4121
4071,13428
9257,1654
2062,4940
8887,2031
11419,6181
14095,3169
5635,12453
5824,814
14117,6182
6715,1631
6138,9497
13544,9130
12030,9730
9804,6147
13561,10062
2540,309
8285,5452
4424,12884
9573,10857
5640,13378
11049,7285
4532,7587
1489,6558
4288,11441
5348,10502
4201,10503
13717,1618
14319,12888
13348,11352
1001,2238
57,12252
7462,3951
10680,4025
765,3939
6510,9444
8804,13322
5561,1912
4145,14016
12722,13414
5858,9203
9440,3698
10708,731
12998,1243
14222,5810
2816,8371
6769,12316
6415,3616
7444,1985
11745,709
14283,4277
6013,6504
13201,9819
1229,319
1628,2125
12573,12310
8870,254
10066,11404
10797,11315
6777,10902
12068,1133
14582,9535
13081,2772
1237,1647
636,7196
12171,874
14033,11891
4513,10325
3663,12698
14276,10918
4731,6298
13761,5
10313,10563
3094,9473
7400,8059
5893,14397
14595,4814
2256,6540
4838,3853
801,3119
161,4880
10287,14235
9800,13481
5684,10880
13645,8657
5408,1911
13026,457
112,8513
7297,9032
10573,11036
10639,5283
11775,6938
9947,5211
7277,8322
11472,14286
3838,9651
14645,1742
5536,14365
3600,5080
12985,1032
9859,13003
8435,2692
7183,9601
676,10963
294,6679
4292,263
14521,5612
3056,7259
960,2563
7993,120
566,10900
8900,3358
12675,8131
11402,13006
6046,7239
10499,2286
7255,3658
11859,5676
5626,12904
2338,6579
13199,10113
9207,2098
9860,8715
2664,11667
14254,4373
1197,8069
13871,4372
1800,2586
4346,7004
13298,9858
4088,14559
5469,9524
8522,3521
4054,8152
11418,932
12606,4158
2778,6228
11443,826
12267,1868
10483,14170
2177,8378
12777,7599
12597,3400
8701,4358
183,4070
11048,3716
12471,1199
5614,9166
11255,2136
4576,6222
6726,10698
5173,7269
6870,8862
6756,7828
10995,9922
8375,10134
2367,9072
12160,4003
8812,5721
1837,1083
9583,10670
6316,1190
7567,13722
6734,13313
7952,2223
9530,6434
1095,11378
12173,4172
12448,12336
8645,7673
7328,12951
12395,10575
4272,12945
5040,772
2621,8015
8561,1572
9124,6895
9336,3278
14426,3064
5516,4617
11881,6394
7486,2345
3021,13568
11904,9007
1922,12476
12184,12454
13337,9820
5311,3086
5531,12399
4117,8333
9247,5731
11523,5210
13963,2006
9940,6305
6532,9932
13358,9213
1917,3092
1281,7174
2890,3304
2290,12935
10120,1710
1971,6017
4531,2086
11889,243
3340,12867
4830,4906
13995,10029
11566,5339
9799,9790
7638,8815
5960,2379
9848,2600
5595,3878
8649,8843
13873,1363
11581,13363
4575,13775
6567,1212
2749,13900
209,12355
8034,9419
9202,14357
9643,11304
12936,12222
1998,919
11018,12587
14124,4642
8349,13377
4203,4805
7016,3491
8136,595
8536,478
11935,9663
11948,7147
8792,11307
10348,975
3778,1761
846,7472
105,10745
4944,11405
12393,438
8680,11919
7272,4217
13972,9407
8893,12298
4460,8844
172,1014
6580,35
11450,679
6006,8502
9885,1858
4441,14529
6252,9664
12096,842
9793,11207
14624,6001
10375,6700
4565,12095
12347,12125
13001,2598
2284,5694
13154,1017
14078,7519
8961,361
2750,9380
473,11870
12114,7057
10633,3065
13975,10264
6548,3372
11165,10271
12301,3399
10664,11876
909,7055
2640,6354
509,5716
11905,6422
5005,9622
3791,799
6196,6376
13185,5193
8681,3134
13663,1968
4303,13719
174,8262
1554,12696
8049,3653
9301,12977
7296,6519
11975,1046
3912,402
13620,9794
2871,10464
7881,11969
7278,13826
13336,7081
11170,9412
7457,6646
8897,14160
40,2226
6158,7540
13845,10291
4489,8243
13844,13530
5832,9360
7026,13261
10678,5226
1616,8387
3177,9373
13817,1255
14010,1891
10805,6313
562,8234
7890,912
6761,13067
10755,6332
3620,6333
4949,2651
1676,13613
477,7013
8186,5186
1527,5900
1988,8849
8868,7822
10929,2394
12019,5578
13936,9002
5729,14191
11034,11884
317,555
6697,10490
10214,9491
9029,11838
8304,12970
7031,2372
10057,13178
744,11646
7997,12183
1246,9770
10011,10180
12089,13852
14178,10364
2534,891
6372,10824
10665,11289
6624,3135
14478,4921
2380,8974
7139,10071
10258,9418
7884,9
14380,6028
11899,6978
6555,5831
11343,288
261,8439
5293,3814
6404,13087
14502,8857
3339,5335
4175,14195
7949,3817
1969,8824
11032,10985
9037,5990
12159,3247
8948,6146
11835,11997
12893,13338
5281,9960
809,10907
11342,3691
10063,11247
4074,264
5715,10082
5316,5576
12535,6636
9766,2189
1516,5012
2471,11985
10166,14304
10038,7789
13733,9652
1999,2946
3842,364
10025,3457
10960,7509
8982,4064
8211,4799
13730,4534
14057,10
2833,12442
9711,13365
10771,6139
13310,1205
4259,13589
2716,12328
3597,14584
5474,4040
6651,8773
13110,6366
10190,5643
8987,5717
12287,6605
10798,4341
12820,6530
5811,2711
12571,10686
3944,12481
8193,4302
4806,10094
6186,9642
6037,9761
3644,3678
4244,11135
10473,3118
4481,11636
9190,5062
1071,862
188,1304
4347,14353
4421,12076
3980,3596
6918,8201
12432,13914
535,11002
4734,605
1862,4842
12201,13774
12021,702
7556,1436
466,11063
5507,5094
5003,3917
10110,12899
8068,12482
6758,13158
9826,5800
9463,9329
3242,11906
11303,5424
128,5373
13494,6237
14135,7883
11387,14563
13605,3344
3492,4673
7950,14371
13922,11457
6439,12492
12792,4308
9175,13242
3337,5980
339,6051
9723,4297
12611,6241
7592,12603
4412,716
2832,6626
12174,4249
7127,8452
4120,847
11280,13346
10810,646
13036,2661
9254,12470
12305,13574
11267,13049
5577,5541
4490,10014
1795,4760
2448,4793
9847,11060
10876,12821
1339,500
259,6113
1129,14413
12750,13168
3477,7428
6030,7421
6002,8225
158,4096
1141,9043
599,13821
2758,5371
14077,7084
4018,3349
14029,14416
5714,3657
271,12447
3590,13612
9309,12162
2908,7355
12754,8881
3211,13714
8929,3513
4685,8413
3447,2843
1641,7242
11971,12307
7561,1830
9325,14157
4456,8582
10397,6861
4337,13223
4643,1172
3518,5198
12919,12232
13851,10305
5662,3509
6388,6554
10150,12796
12505,3517
14641,13216
3335,13555
6977,10247
9342,630
6666,1238
11183,9685
13301,9145
14591,11664
9941,1275
1519,1926
10756,6508
12736,11369
3079,11325
1760,2867
11275,2195
5769,2222
3199,8438
12484,5819
8250,6759
14172,2001
2500,363
7326,9357
5243,12004
7886,9482
7867,11317
9468,3014
2896,674
6467,6678
3746,12950
14054,2918
6492,506
9850,6337
9956,7164
8996,6050
10800,1432
11744,3667
1025,14544
5069,2662
11431,1729
11506,13464
12409,10169
13493,1000
6755,4629
2113,9871
8789,3560
335,10730
5605,3254
3535,13352
5305,590
408,7607
11504,7872
11301,8025
6687,10742
4496,3792
13235,11895
7856,420
8207,8356
13290,9354
1979,780
13991,1556
12741,4343
11163,4738
1355,11192
7690,1318
4005,10757
11952,6009
8472,8690
1114,2203
13713,9750
11119,2030
6810,10972
8028,12629
5052,11629
2846,5200
365,9478
4895,4105
4967,11967
3143,6967
8782,11069
3903,1537
5636,284
5353,9965
14081,3251
10607,3852
10885,4266
28,7367
3569,952
14366,13584
6336,12795
9513,10310
1162,970
9194,2507
1915,8121
2915,1648
13606,13521
5441,1315
1173,356
14396,4813
10856,12127
14050,12375
4963,13607
13094,2921
10341,11293
5213,14086
9375,1937
3497,3364
2794,7743
6578,11924
5704,5225
10728,10685
6223,8212
8525,10309
2517,13320
1395,13281
2663,13295
14542,13967
10979,7761
346,12139
11632,12427
4776,14137
2751,7805
5762,8317
2559,4058
11254,6595
2002,12922
1457,8283
4767,3449
14028,4225
7332,10012
395,7930
9669,12647
8988,14071
3127,1357
8668,7917
424,8199
7999,336
12496,4680
9024,14290
7018,8411
9298,11989
412,11195
8786,2489
9771,10162
7927,7938
4010,14311
4611,12816
8191,9487
5678,10008
13918,5369
10981,5921
4774,2084
2620,2861
7456,3280
12906,10216
8907,2161
835,7857
1306,703
10661,5828
11583,5544
11930,12494
12450,12799
9619,2978
3115,9221
9914,4339
10648,8233
3708,12725
8306,5922
2717,11373
9828,1480
14039,2799
12009,2835
13231,2617
7085,3719
4368,8210
8811,6295
11819,1960
6106,1581
4568,4931
869,12637
3147,9205
2919,5389
2645,3630
11392,2421
7027,9893
9421,10477
14613,12178
1976,4887
5162,9742
8886,2657
7645,2231
11733,12733
5976,11886
1085,3700
11861,3589
13478,12806
10065,6163
2973,2644
8852,4483
6955,7785
14306,10013
11873,9341
13527,13109
460,5910
9195,5850
7171,4008
7056,11054
1748,11180
11875,10615
13505,4313
5363,8490
12520,14082
11484,10097
8145,7208
4213,8538
5356,12435
10265,899
9743,8022
1028,5047
7467,14607
4180,9071
15,8705
10667,11260
6747,9786
572,12449
12574,10946
10591,5282
4019,3577
12996,9998
6064,5275
10491,6368
6299,8348
5956,8510
12001,7227
3977,2528
11767,980
6197,12913
6763,1786
3173,10148
12665,4226
7440,1074
8218,11580
687,14206
8593,3548
14407,947
6361,7320
4652,5814
115,7483
12849,6590
7404,8686
5252,3524
12069,543
3863,4868
5194,11588
12354,13264
349,6737
14628,86
7365,3774
7719,12534
4761,10739
3798,6212
7539,1811
13718,64
9458,8394
14002,3580
8968,7478
2138,452
3332,9292
3250,2684
14616,4505
5700,14194
11167,3104
3520,3629
14110,1124
4113,149
9970,12255
4707,2395
9973,1136
12762,13889
13066,12401
10815,7907
7724,99
4728,3961
10255,4162
4128,10714
12633,7575
1504,352
11794,11713
13117,4169
4020,5674
3813,13699
14434,2249
8004,4270
698,6754
5199,6365
6500,6545
8757,12150
13703,3200
11244,6707
10870,4017
24,11774
901,7879
11938,13072
6842,8185
8570,6433
3006,8692
7546,6571
10069,13929
10306,1824
5494,6573
12154,9621
10610,859
4432,2779
13104,13359
1787,3300
7659,7102
5103,662
594,7576
2666,6725
14096,9905
10525,12364
8664,4843
9845,8139
7796,13549
12411,10896
7605,3026
9984,6342
11543,6498
3468,4658
13239,4435
2003,11897
11874,10892
8595,10408
9634,2151
1816,3129
12819,11820
454,14427
1774,6247
14087,13985
13617,8606
11880,1720
11015,13750
7921,8301
6024,12189
1965,4623
12443,11397
9795,10699
13694,4269
4026,7862
3502,289
8765,7361
13389,9216
6397,13007
7922,4307
6110,12746
12168,1131
11841,6576
11557,11021
9050,13122
8094,4752
9609,132
10571,9727
12558,5657
12805,5772
865,3993
5297,7929
2855,14507
7480,11576
3038,236
4560,12428
390,11213
4755,14168
9673,440
4502,2682
6347,3482
12479,13445
10105,6565
8726,9234
14574,7005
7396,2508
13146,7987
4749,1117
1990,14021
7124,5852
13102,197
14379,2024
13910,13401
3444,6526
5967,5265
5855,11666
301,7334
5357,12624
5929,7274
13664,10947
10873,2257
2752,9220
475,6449
14506,7128
5139,9201
1310,7481
1582,2742
13941,13891
5947,4831
1120,5050
12223,12136
6470,10316
1090,2734
5026,1557
10931,5354
3543,10294
11412,10994
2800,7120
8971,413
7926,111
3116,2934
8090,13263
4768,2497
8195,14221
10988,8384
6927,8559
7982,607
9517,7588
10894,9493
6208,7403
8873,8543
11475,10806
10311,11246
8813,13054
14015,12242
8397,3804
983,885
4894,1859
7657,13564
14393,7778
10002,14121
1565,2759
9857,3008
5526,14342
13625,7966
2364,5294
3232,3072
9406,14040
12348,9266
1542,6995
10660,12963
1116,4722
13782,12527
11046,14516
1722,4271
3707,5418
11093,10522
5407,11437
2550,3138
12056,6363
1066,10578
5245,5438
4097,12155
2993,877
8368,2554
13205,6677
926,114
2267,2856
11252,6721
5396,13285
3388,4527
1747,13857
7121,10390
8213,5918
10486,2312
2451,3690
9691,3873
9115,5466
3889,6752
2605,2872
5472,631
12835,1027
782,8401
8632,14395
6199,12626
4232,12126
11757,1340
6621,5602
7476,6003
4960,6535
13159,6685
11491,582
3451,7526
14215,7408
13143,6520
2544,13634
13887,11723
6509,4035
7265,13752
10629,8175
8219,8928
11564,3476
8386,1914
5696,8495
8635,6114
5860,4914
8365,13008
8864,1757
12851,2648
7740,8951
3926,8442
499,1820
1886,1974
9095,11038
6893,5406
1681,9344
10916,12067
9522,10003
2999,4593
13354,1802
12031,89
6132,12787
8767,6971
1806,14314
10768,11080
14603,11159
3943,9639
2283,393
6696,13062
391,3582
12106,13942
297,7225
12373,4984
6674,7220
9506,12623
11007,9499
9719,8791
3436,11482
8966,12163
1402,945
12397,997
9452,5337
6566,6812
6987,376
6088,11939
5075,11336
1125,1473
11670,529
8251,6871
5057,1314
11944,8738
10802,3632
8628,9492
1271,8646
5250,12294
9000,12280
9515,9623
5844,3055
4587,5658
2870,1435
6604,12466
8599,3414
11358,2822
6211,9351
4014,8889
767,13597
12979,8719
7059,7099
12444,2147
10444,7118
1336,11860
14064,1478
5220,4626
14003,4604
3568,7521
2604,3046
11359,10774
6257,5001
6875,6894
5499,1657
5879,9687
6150,13534
8248,3960
7902,9747
12102,1851
4316,4407
573,6338
7986,4732
5600,12179
4467,11694
2875,6603
629,11686
9618,9806
8134,7138
11005,14449
324,5095
11067,3149
9708,484
5822,10362
4525,383
1909,8755
2887,8572
11553,3794
8704,1037
2135,3971
8969,3124
4669,4757
4881,6937
10716,3831
410,9311
3434,1184
3415,11366
8993,6189
10235,853
11736,6631
13877,12579
11162,14159
4448,13529
1951,3189
8391,9433
8964,3360
3645,10030
13833,5388
5781,12671
9480,13364
9365,7049
5423,3715
7364,5977
2420,8991
14445,7771
11926,313
8466,12882
12872,5301
10773,10973
12239,7919
6876,14131
6324,1185
11705,8986
2225,6664
13862,9718
2766,2983
2298,5564
5834,10451
13735,13461
1155,12469
13376,9807
7944,9877
5848,6432
13647,8226
4207,10085
6097,8568
4131,11211
102,2660
8071,265
12860,9532
1061,2961
10158,12576
6360,5058
6052,12580
14539,6053
10198,2229
2324,4908
9868,195
3025,4639
278,10512
13585,4501
10694,6682
3214,12359
2866,1350
11152,7350
2134,167
8802,9302
1963,8128
8741,2960
7537,14569
10936,928
9700,7642
2971,3966
13404,11547
1337,11193
8388,612
1781,8362
13557,6989
10990,9148
3379,4934
7787,2366
1491,7473
11433,12400
13435,2781
11123,10146
11198,1707
13069,10696
13063,7245
14556,2826
7672,9321
5322,766
7901,11393
2137,12547
14070,5174
4002,9546
142,8464
11538,11579
10160,8644
3167,4853
11029,5399
12503,4905
4294,5234
6512,12220
523,13181
6630,1106
5315,6168
1789,14495
4300,4740
5799,4009
2057,8420
12556,3368
4548,1042
5165,10000
10843,6471
5664,5706
13727,7613
4488,2966
13962,2877
11621,1220
10053,6882
256,4764
3316,6322
9153,1092
10511,7545
3615,2839
3394,10964
8533,10185
9435,9661
9768,7967
1180,12343
12643,13947
3910,11008
6032,7807
12656,1853
14083,12101
11611,11531
12087,1420
7202,6597
7477,5019
4989,3205
11755,2174
11449,423
10497,6491
14508,4758
7547,5242
2008,7597
10138,6065
10707,14374
8688,9416
8455,9886
1796,8652
3370,2255
23,13362
3174,11095
12329,2874
13155,11142
8576,8462
5065,4224
576,9073
7222,2065
13512,51
3105,916
4983,8584
14540,10854
11956,5247
13012,4932
13039,8485
8581,6940
121,11782
13248,13335
7538,11530
3293,3694
3956,13002
7589,14013
13678,5911
4357,5539
451,10817
3440,12369
1298,9971
9638,6996
6015,4089
2068,5609
2110,9192
7295,9670
2671,11389
2,13224
9430,5892
7912,4334
4744,6190
5853,5147
7193,10850
7267,406
12938,14386
14515,648
3627,3970
4997,3845
11370,11077
4674,1683
13180,936
6994,7841
4540,14074
5867,14259
11,12909
5849,9537
48,11217
10687,11184
9783,12149
8544,7165
13153,5484
13904,4442
11618,6496
2083,7678
3428,7205
6235,3656
14023,8547
12231,12452
10709,6444
14295,444
8720,5646
6047,10109
5796,13324
3777,2264
12953,10715
9154,4433
9785,12738
13946,4119
11171,2496
6772,2245
13849,5460
3730,13098
9222,14225
13818,14129
935,14154
2202,8481
992,9100
8156,14210
581,10836
4458,8972
6997,9803
5362,10114
4487,2211
2335,8180
5671,5475
9459,6242
7126,1370
8398,2331
6424,3062
2774,3308
14020,3266
7344,283
8321,12928
5449,11739
13217,4933
12894,14491
660,9279
7455,12499
3522,12516
1069,9814
7450,7232
10412,4524
1919,4454
9322,2572
373,3723
6970,13015
10434,9169
2611,6921
12247,13101
2427,6824
56,13638
4795,632
14638,8540
3763,14201
2783,4719
1593,2631
4826,1109
4902,11817
14520,14073
6892,5681
4925,654
3815,13000
1845,3606
4633,4554
3246,13679
2418,13413
6612,1247
4199,7141
12759,2524
14581,13798
5808,12523
10599,4689
8752,496
12705,13879
4425,6817
13454,7327
1365,13165
4687,5803
2555,1412
2236,9086
7712,11959
1041,1188
1290,754
5115,12431
10379,9212
8404,4389
12961,7827
10718,212
3674,10809
11121,13485
11887,1872
1203,12976
13353,3802
13541,5641
2513,1664
1387,9911
8771,14378
13884,7747
32,12550
10448,13791
10481,13484
7760,14479
1673,2212
5118,6898
7078,14146
1481,6286
8174,5495
12824,2354
396,12368
3531,6695
2322,13403
4970,4375
4130,244
5403,6588
510,4416
9668,8267
12664,7105
7154,10295
6048,2063
13381,13637
8992,11700
3895,2848
3650,6866
4463,7507
362,10924
10526,11855
10369,8772
13767,8017
8054,5791
1894,5963
6923,12352
13700,6457
1758,1689
11795,4978
657,4476
218,1755
10437,10672
1342,841
2931,2641
9562,584
4159,9821
5214,7639
2253,10163
5120,3554
5358,415
5761,2447
8913,13988
10796,2815
1833,11348
12306,9714
6889,5652
10043,8006
10645,11786
12315,2055
6380,11091
5263,11016
3283,7689
2071,8098
1658,10034
526,2484
13442,1671
8935,6844
7499,14632
4625,12475
14499,2719
7786,11749
6945,11272
12191,96
9782,4466
1691,1187
329,1218
1264,13781
827,12085
7565,6716
11776,5989
1869,3949
2488,2798
3329,12024
9784,1700
12140,5732
7554,13957
8182,1586
8222,11595
1591,14103
12807,10317
14609,12092
3322,3559
7876,7847
3402,14424
3334,6409
7383,4951
11312,5766
2942,14410
4982,10977
11561,10059
7830,5426
699,14362
12146,11487
9816,3563
9872,7111
10891,7508
1334,4465
4665,5889
12929,13563
14287,2459
12521,8100
10417,1076
2070,3743
3478,7741
9133,2736
7815,11262
12002,9199
6214,5818
14079,5025
4583,10249
54,3418
1234,4247
5913,12689
7996,5802
12706,9156
8149,3633
11478,4992
10583,2965
12743,6985
11703,2271
8827,6278
5961,467
10791,2289
8380,8847
6966,5434
6880,1518
12770,4924
8173,7758
2625,7570
3103,6656
8854,14202
11434,14441
11591,620
5121,3274
12046,3608
14219,2787
1417,14265
5756,3946
14058,3077
3098,9596
8638,6816
14599,8168
6507,6645
12687,9849
13051,11929
3547,2028
10760,2561
13686,3462
8779,3662
3002,12800
2250,1609
1770,13976
11129,3453
9695,10516
502,8105
371,5117
3717,13460
6403,6107
10795,8541
10102,5501
12299,2455
12756,2707
2220,11496
7017,3371
7625,7769
8345,2892
12780,1873
14318,3010
13419,12659
7735,9099
13416,1379
8364,13968
7466,1644
13262,12927
9909,11227
10840,2886
4580,11837
7623,13316
11562,5387
7981,7438
9607,382
1562,6691
4917,14200
7014,7946
3375,1838
14308,11114
13824,12987
7168,11692
397,7354
5546,7875
1096,1261
5148,9823
5973,9542
6442,2514
7212,8942
3412,13965
4397,6476
7900,9755
7630,10167
12646,9366
9560,228
4353,12207
1946,8519
9961,4150
6793,922
13644,13240
9500,5364
2155,3128
4552,11226
13184,2479
13674,4517
12735,1785
9136,13103
59,14190
13869,11882
9425,985
13938,552
1374,13814
8569,1293
7948,7571
12245,13451
3704,4872
10788,2027
6757,3610
14600,1419
2628,4624
3819,12677
710,3182
823,9110
5574,3267
3032,6912
1094,6838
13872,11251
1099,10969
4066,6551
12926,333
315,7229
447,6885
727,6066
14367,8839
11302,418
10899,12827
11120,3510
6259,2551
12751,513
7647,14207
9817,11350
11220,10636
1196,5446
6440,5573
1430,12237
13193,9983
13287,6680
6505,8512
13055,1612
3228,1389
4975,6575
5209,12684
7262,9671
7544,8548
2129,14360
8542,10152
8010,9654
1007,6279
2402,6429
4708,4699
9707,12853
171,11249
12418,3194
1552,13778
8488,14467
914,8215
7764,12429
9409,855
12864,7184
7044,2588
2116,6021
8871,5347
2029,2834
2392,13424
2219,5444
9319,326
7125,4570
3277,6641
12582,5624
2948,7386
13374,4148
8557,4959
13044,5454
11001,1958
11115,12319
1532,1660
11800,462
14620,253
2462,784
12138,8476
11570,6281
9887,3397
3074,13444
3504,12186
14411,7687
1734,1338
2314,4137
8846,12337
2532,11058
2470,13429
9327,6827
8504,12813
13453,8880
12525,7335
3176,6371
9879,9957
7682,13356
1451,4287
9880,7045
14505,8729
14417,3357
8615,1636
12109,2522
13642,4381
2587,4263
8271,9818
12440,10820
1871,8915
205,7861
4692,11937
11435,8011
6599,11810
9684,6359
12711,3761
8307,3668
6572,911
10135,14404
719,8324
11542,13035
2333,5091
12589,12613
9107,7240
4506,9659
959,2432
2674,14351
8531,5154
13150,1280
4056,3579
10826,13079
1471,12412
9067,4979
13141,10090
11522,2678
6072,9200
7855,6831
2650,2906
1682,7243
3195,116
4125,11738
2679,3635
1512,8936
7836,2879
6884,7145
10124,13293
3419,7464
1624,649
8918,8739
6853,12532
6420,5087
9226,9938
13175,9023
6224,12811
6043,6099
2197,12599
1638,5167
8358,5270
2578,11986
7683,6179
2040,2543
2740,6215
2556,12206
2311,11535
10726,12960
5447,14069
5812,1791
10605,4209
14174,11628
11509,12227
7349,11862
10119,4627
6877,12712
12648,895
13222,6873
5948,4139
9028,2499
4230,5553
13704,12717
14625,12975
2349,8132
13986,13355
4675,6974
14586,14067
12863,627
13436,11079
11805,6941
9377,13014
4168,6517
12842,12764
277,8346
12464,8494
5807,8511
11118,2304
8684,10079
9490,7759
4577,7991
2359,6070
4204,14409
8537,1216
11582,1825
10392,12176
6227,11139
3291,3935
14606,5886
1240,8932
1401,13187
11176,11284
4268,3897
5461,12758
5145,8858
7294,2686
5125,2095
8829,8208
3330,5776
11575,5189
8003,10602
9282,11687
802,6416
4081,14056
8648,6789
2951,1543
9267,8930
12873,11499
4086,12327
6542,11177
8147,7380
14438,13984
7276,13207
6293,13978
5718,11452
11204,14458
5326,379
13970,10514
6296,13058
4809,9888
2642,10430
9484,10398
12340,8113
4796,9189
109,2916
7626,13326
10546,3431
11230,1928
3565,4034
10681,2812
8253,2126
8879,4688
7103,10539
4157,8328
10738,5667
2332,934
10904,14373
10479,7939
8146,10888
6806,7976
7356,7006
3770,8769
9599,5049
13148,5172
14216,5235
5468,7095
1356,1798
11145,9815
4564,2148
625,12846
11759,3290
5217,10543
9283,6494
7940,10864
6320,5682
8355,9937
10952,5687
2665,6100
1602,13252
1994,13247
5840,12810
7321,6383
3041,10334
6786,8700
5996,4355
5150,11672
9789,6173
5459,1146
3342,12978
9183,12509
12817,4787
6581,13533
5863,5777
6076,14244
12473,7215
5735,9577
12709,1052
13194,3265
6421,7046
532,6888
12612,14065
12434,306
5296,11166
4748,12702
8636,8409
10548,14372
2263,11031
13120,4835
7974,8227
3967,10049
615,10866
3260,7564
11864,9890
7878,3827
7675,10175
5367,8164
5549,668
4521,10055
6300,3455
1864,10746
11083,3145
3203,2382
11764,13937
3052,5082
7175,793
4142,6813
12506,530
5789,4572
6430,9557
1577,1847
4284,7493
1972,6613
13523,8707
11131,7273
5816,5584
5480,10622
2171,8756
9558,274
14368,4126
337,10537
3652,10527
8783,11602
11511,10557
6315,9155
4605,13423
14509,3165
10133,1360
6018,8698
6600,12415
4766,10337
6149,6983
8622,14639
5086,6538
7656,7395
1008,14051
13395,9106
6553,1597
6045,11331
2196,3279
10474,3812
13802,4385
2440,3675
1170,3699
4436,7746
2585,4910
7640,10103
6485,8366
3113,11908
5998,11743
2498,13390
2885,3506
108,8590
13112,10299
5267,493
10005,11323
1721,4567
8246,7373
11585,6195
6488,12073
10098,334
539,9016
6261,11556
9363,13916
4926,1399
10729,9186
13539,5570
11853,12122
241,13715
12235,8122
12006,11400
8176,14436
3163,7077
10373,6536
10761,879
1900,14636
9097,8264
10248,3584
14238,5470
3472,13100
9003,7559
9552,10884
2737,13050
1712,11376
12028,12426
13835,8508
6346,5277
12920,4695
13139,318
688,9010
1583,5079
7733,11560
8318,6728
14623,2038
3013,2770
14196,5775
12437,4698
3631,11941
13251,14565
492,10727
10769,3469
237,13258
13276,13487
14422,3997
4486,14027
12881,6668
12215,1808
10883,10989
2597,14075
5164,12439
10544,11894
1443,13764
4084,8001
832,9414
14465,4789
4480,11107
3651,946
1848,14125
1531,2542
13137,5412
4945,3236
11153,4366
9420,12211
10359,13675
5891,2409
10911,4736
8796,1097
4972,7569
7169,4473
4855,6318
10653,10540
6991,13169
4444,8400
6843,6101
7318,3996
3567,4401
8722,10327
9274,13203
8154,12345
11214,6723
7784,10183
11074,7888
3599,13131
3781,4961
13992,3515
11364,9039
7034,3237
4494,10194
7956,2342
2085,6928
4596,12889
7563,7652
4613,2019
7947,2725
4123,5197
5695,12949
4556,12152
1006,4812
13649,2160
9176,12538
8658,3111
13042,13827
903,5381
14149,2490
2246,13500
5995,2184
11569,9986
10940,6670
1257,6891
8639,14155
11146,9943
6094,6391
2275,5303
12885,11605
10877,5327
7487,13386
7914,7353
4326,5838
13415,723
3054,8730
10394,4352
6874,2913
9345,3122
10638,4616
9954,12170
9787,1717
11846,13610
4985,9915
896,4419
11727,9454
13135,14317
13787,6714
1746,3470
4808,6962
2146,11327
12436,14080
14140,10416
14518,456
9415,1186
6082,7598
13740,10580
6863,1362
11329,2131
540,5608
3318,1695
2698,10646
12451,12099
9999,7214
312,5841
10021,11869
7600,9057
13132,5101
13070,7580
10404,7816
1167,900
80,1215
8524,12598
6981,4977
808,1934
12108,7979
13504,12025
1283,8114
5493,5713
14257,7180
881,1588
13960,4937
14594,9047
159,1047
13565,1161
820,8612
13556,11966
1850,5465
1022,7562
7667,5524
9239,10353
11451,4875
8245,12946
5949,9333
943,10045
10910,4678
5433,839
1804,11802
12493,4036
18,10821
6005,11758
66,3697
2237,4049
4794,11584
10423,14494
956,14293
11769,6775
4453,11702
7132,25
5134,2066
13536,6086
6373,13669
1494,11525
8592,6071
13269,11187
7903,9208
9640,11741
9645,7311
792,6081
12093,3566
3215,2435
2902,2385
13105,3924
843,8370
9306,14277
8350,5907
7791,427
4482,991
4106,13593
4980,2388
14356,12601
571,2210
3624,10986
9801,1421
10922,14526
9610,12015
5471,8850
8960,3017
1270,7711
11750,12833
14187,5655
8654,13265
10887,2178
11524,7585
11186,3736
1486,7101
12627,4133
8127,8335
350,848
10268,3529
2453,14486
8383,12699
4701,13304
6988,2465
12559,3489
9798,7011
1907,4101
3202,14504
14463,575
7489,7655
13627,13566
455,6611
10188,8196
13507,1649
6913,2636
623,12511
3031,1026
3900,14279
10421,2446
7284,9540
864,7072
1345,4654
4023,6515
3069,10089
2020,7808
551,10312
13622,14454
12013,388
10240,6724
3578,574
5170,3347
5393,8623
13839,944
10377,4946
10439,13793
2361,10794
13482,9140
10213,13241
13609,4922
4993,7110
3137,732
12200,12703
2221,6073
9396,7189
154,6156
3310,12857
4591,5385
9227,14111
4233,850
5978,1208
14068,6762
10017,7751
9116,6738
7889,10033
2907,12097
6155,2115
1890,5997
2595,1454
6141,7705
2864,8905
10684,794
7601,5324
11128,9144
4099,9228
5321,223
178,8433
12645,9261
14167,1140
2014,12157
10621,6828
2535,610
13477,8869
7231,4193
2262,9275
818,6350
13665,11616
14605,4387
1812,5726
470,11674
8855,9561
10233,10861
5992,9449
2457,550
5195,5502
11420,717
10284,5106
12477,9078
726,4495
12219,9389
10513,13981
9605,9411
13107,2930
10703,2702
308,5936
11168,10647
7401,7399
12572,5130
5008,920
4676,11712
10528,5603
12515,14343
13351,6260
11157,3921
11589,8751
11827,3007
8082,2553
3263,11828
8749,13418
12497,2624
6771,8603
9273,13608
5953,9159
13305,2720
2092,5325
5538,10153
2141,14545
8762,5580
8575,3864
3338,5111
6221,10982
6334,14523
14391,2277
11554,4615
2206,5151
3416,882
6522,6265
6104,12456
7702,12197
6901,1889
12883,10587
12923,11477
9763,967
965,12747
14325,14205
9180,13863
14320,592
12362,6992
4647,769
4820,6284
13897,8515
8629,4543
14533,11635
937,12396
4212,5022
1320,12941
2416,4856
11811,13971
11961,14008
13934,8605
9571,10144
570,4033
14204,8189
11633,5088
13492,13626
10245,771
11756,14104
7965,5881
10524,2301
10958,3160
2996,231
5248,11143
11507,12530
7985,3731
14224,7942
741,12660
10015,11282
2279,12011
2704,7606
2169,5331
8078,8985
4546,8949
11600,5710
6288,13256
7941,14583
8832,10556
989,12433
1353,13667
11970,12519
10078,10559
13005,8216
11295,4053
9969,930
7470,49
14564,8258
13548,7810
12898,1578
3913,798
812,13491
5604,1378
7714,5779
3636,9423
10545,8052
8102,860
2503,9464
2521,13604
3253,8919
11265,12916
13888,4114
5266,10446
5975,107
3940,8895
4250,10644
3536,7424
13046,1865
1,11704
12563,12204
9123,567
6649,12517
8735,999
5340,10596
4508,11753
11104,9843
14208,4912
5361,6934
13300,255
4671,8941
8896,8745
638,1529
5752,6276
1426,5286
5733,8451
13095,10909
4782,12161
13391,6794
2439,7516
7897,13083
11610,10350
641,9516
14084,5233
9170,13520
13490,13459
11578,2537
9265,3562
7310,10400
12642,7668
12786,5935
5943,5637
1369,13959
8044,12695
9853,8663
2074,13993
1610,4394
3528,12748
7529,6238
6068,11789
844,9219
6462,12403
10261,2659
7661,5919
11285,1367
9013,7060
2652,2985
9892,12803
10195,1135
3950,3676
14227,8016
5517,6117
84,6435
12317,13696
12135,5435
2656,3710
7019,384
12866,4511
1056,672
3152,7162
7536,8790
6742,8104
568,9142
773,4437
2198,14223
9929,1207
2530,655
3374,2411
12047,11185
13755,9082
3187,5558
119,2469
624,2673
8764,14177
9694,795
13723,4901
12933,9724
2976,12360
10455,9889
14501,4578
11468,10518
10658,1905
14182,7820
12371,13725
1810,6192
252,3078
9149,1307
7517,11734
12333,6377
7694,9369
10780,5159
2368,5246
10951,9975
2182,1105
5231,9980
13974,9505
14429,7708
11430,7788
13426,5705
887,13177
9572,8395
3729,14347
235,13257
11057,2691
2623,12064
4160,6501
768,8379
4253,7163
4730,9676
8588,6177
12264,13691
6956,2655
12071,12583
2214,10488
2980,11037
8473,6007
400,6321
6379,6154
9246,13397
13661,807
3097,11890
8714,3751
7962,1948
14450,4667
1134,13708
3984,13829
6171,9972
10259,9348
9496,3172
14604,3933
3869,4929
10145,2695
13091,8252
6693,12631
94,5613
9712,13021
12420,13357
2398,12930
4562,8382
9653,10652
3953,2329
2295,2935
2936,12588
11955,7376
9776,5230
1448,1276
9992,6183
11740,6559
12788,2456
8047,13474
7851,10915
2323,4533
9114,1098
4206,14376
6245,3619
5937,2193
14274,1330
7838,2909
1713,3909
5628,11868
5163,2558
7412,7340
3151,12669
11609,1145
750,9353
7252,4091
11203,9197
2404,7390
11427,9575
6317,14634
7750,192
14282,2811
437,7149
6642,88
13745,5456
404,14631
11976,8073
375,1759
10475,4947
4283,13161
12640,734
7106,12997
3974,5871
14011,3540
11659,5482
5505,2773
5176,4052
7142,4909
653,11760
7496,851
1933,5543
2406,11637
12297,12498
1250,5097
12500,7338
9968,12732
4299,7447
9578,10832
14333,5870
13502,10200
4390,8206
6900,5109
13283,6935
12710,4715
1716,2483
8230,137
6858,6264
13595,12567
5916,2502
2703,11932
13874,4135
11762,372
739,7304
13047,11648
7594,5085
9928,3166
14558,5299
8051,4833
1043,2582
10093,220
14048,4451
11865,5336
10949,3885
7530,8528
8573,6722
3053,2803
12131,3614
468,5023
7706,9897
8619,7972
65,834
995,4194
5679,10735
10776,2185
3830,4725
12581,12809
7448,11972
2467,13238
8311,10073
5355,2259
11892,13949
3981,8426
1945,10360
9187,7624
4393,2808
10803,8305
11138,14331
5411,13958
5625,13268
3020,13658
1490,10302
10354,13616
5158,7155
1916,13212
14601,5029
7548,14106
12615,14114
5156,6137
3345,2051
10074,5138
5334,2883
7465,6596
125,1910
10435,429
8013,3925
2693,3222
8689,12100
2373,463
14116,4410
13618,10115
559,10050
11161,1383
11438,6353
4470,8728
11953,5415
2486,8963
14309,13643
1152,5314
10874,8627
12257,11696
3192,3775
5228,7094
2021,1893
9720,1251
9740,11116
14543,5196
4638,3235
3893,3740
4422,13082
9362,12634
147,5946
4666,2144
8539,9069
9792,3186
12478,11287
12755,5443
4301,2829
6949,7238
9675,10879
12472,4254
748,6717
11834,3130
12721,10606
11573,13064
9894,7953
8613,7488
2340,14113
5202,3408
7068,10498
503,12995
1321,13133
1598,14513
8784,8554
8563,13170
123,2107
10930,2560
10549,6477
10028,9495
10627,11199
1655,670
5701,13587
251,14596
9025,5045
7762,7047
12051,7474
2072,9554
8853,11493
8506,9959
6809,10126
11915,3932
10292,2994
7293,3445
12320,5344
11407,7315
13961,10683
6818,4011
12495,12931
1550,2804
4251,4786
8357,12586
5288,8931
14108,4847
1222,5723
11698,1567
13893,5861
5545,1301
14469,1620
1015,9832
11462,1875
6482,6054
4427,11806
4499,11718
13741,12441
5491,2069
10051,3108
2831,6837
4837,1393
9161,7260
13562,14361
13372,9081
6057,3082
3571,1704
14336,1329
10087,10530
7160,4770
196,13115
3634,8045
753,5648
14572,4801
10319,13731
12105,6931
214,3354
14575,6506
13272,68
4082,1349
7452,140
12802,9901
286,536
10905,1249
8516,12897
2305,7660
10132,6890
10496,12210
2308,7817
626,5188
9679,7925
4581,7541
12010,5318
1123,1829
10403,804
10608,9633
13930,6606
2217,12980
8721,14126
5660,3393
6060,2914
12649,1590
10576,3409
9324,10278
12346,5287
10592,10222
4260,6617
4779,1765
854,1452
11243,13173
12118,6784
6963,6314
3404,13186
12045,2194
7535,1970
1245,10586
11464,12153
4314,6253
3793,8625
9098,3036
12141,11010
11078,9628
10585,7891
4198,9716
13233,7693
5926,10231
1540,8973
14480,4336
7717,13475
12259,6972
7773,11911
12794,14185
5168,5972
12604,1558
13408,10878
3114,10974
10494,5621
6856,3564
12253,1863
4864,10531
12681,616
4013,8604
11732,4884
4904,14385
5651,7040
8977,13422
5742,11050
11338,9867
1019,9834
9339,8085
3467,2905
11017,4628
3809,13690
10047,9264
10254,9066
600,6233
9950,5258
9595,9160
9315,14406
13646,12618
8235,2575
6254,13038
2325,1054
8761,9270
4245,9020
2089,8594
4681,9567
11399,8685
11709,5965
14171,10724
1754,12832
907,7770
9033,1236
8192,13931
7775,11339
7821,7622
434,14490
4050,13754
14456,378
13672,9637
3037,11174
6248,6511
8478,3317
9543,2109
3204,12529
10370,2413
2266,11013
10460,888
6741,9717
10519,225
8553,14284
6152,1546
6411,151
745,6220
3512,4785
194,3049
6733,62
11105,14120
13266,9349
957,8556
10719,4165
330,5037
5820,6166
6387,6273
13868,6328
9678,6951
4215,10116
4750,5496
6148,4898
12531,9068
4823,3659
4512,12617
13342,2294
2254,10016
6103,1637
9511,14004
11565,11816
14186,5827
3649,8239
9053,5451
8475,9997
6640,10389
528,5845
6437,1376
7610,4943
9030,2429
4045,12113
8032,12260
11061,9318
776,1678
4551,14561
14566,13572
7518,449
13440,4545
2697,12022
3945,2963
12137,10436
4646,2932
7137,12309
13680,12278
5028,10343
5941,2944
8740,8339
5930,7918
11273,12900
8470,8617
10054,3516
925,2450
13166,8057
6584,10536
9974,14093
9625,12366
7697,6808
6915,2925
213,14418
1601,6703
13385,2986
13977,5587
9059,12166
10637,10923
14192,3887
4479,97
12384,8309
2975,1762
7492,752
8691,9132
838,2307
5970,8425
7699,11300
14118,3726
6787,9778
14614,1944
4197,6162
14018,1210
13759,3448
1458,6128
6310,11263
1194,11309
10006,3768
10155,9780
3923,4037
2352,13915
12103,6290
973,12148
9698,6638
608,2819
4174,10669
12877,9074
9041,13315
11715,13698
13815,665
6676,12501
5257,5632
9920,5333
7002,7572
1949,3622
8119,1427
8747,972
906,8460
11408,5521
1962,13111
10092,8571
4147,628
10927,5436
3085,11893
11845,45
787,12507
6330,4606
10847,12753
4367,14234
12165,13393
1553,5262
11693,6145
1947,13956
9563,6090
3834,11788
6105,5806
12887,8314
759,7916
10962,12657
7033,7429
387,8459
14328,3764
5390,7363
6402,5416
2337,3737
9519,7336
13983,4558
1996,13911
7710,13846
10767,658
6200,6035
4196,10196
7649,9544
5542,5509
5462,5229
7109,4452
1535,2933
10406,4586
3824,9627
1154,4
5656,1265
541,1282
3805,5374
276,7039
14228,1263
7595,14510
5100,2386
5567,913
9704,11401
4600,5971
6049,8953
13171,5519
11314,725
1055,2723
7681,8014
6686,7270
525,7096
2873,13142
11494,12569
5179,9677
1433,9612
12018,10961
12218,5368
10269,10340
7504,11780
5915,8160
5276,6085
3084,5360
13244,1020
14420,1151
1108,1335
448,8841
1267,6207
6120,8566
2097,13867
680,1899
9745,13651
2828,4423
4957,2608
11076,8352
3989,10574
1950,12372
7644,9204
13318,12737
11586,2956
12836,3121
10208,7975
2461,11033
5586,11649
13648,1084
5127,11850
11910,3508
1354,831
7896,10238
9837,867
11258,6178
11311,7115
9620,2403
14316,11963
3390,5066
1831,11984
3843,3087
6356,8587
8807,2339
3550,6109
4865,2763
3141,695
2474,2637
10926,6683
11934,3454
3158,5141
7012,2760
5851,9111
1670,8797
1411,8162
366,14251
9635,3898
1939,11527
5950,7850
558,1381
11843,6583
8507,10159
5638,13033
8577,5323
8574,7814
11125,9214
6401,3687
63,8
4867,248
12303,8290
8937,1244
257,1223
10914,8674
13578,10022
1428,6802
9317,4305
1080,8074
3159,9198
13202,9895
12424,13807
9611,663
2159,1285
9232,12564
9854,3252
1404,5692
3383,1745
14147,9262
1611,5073
10307,4240
6701,12203
9576,5379
13954,14477
12986,3181
7988,1396
6965,11039
10869,2218
7831,2727
4267,11489
7249,11822
12539,711
11993,5857
9907,1439
2390,10976
1954,1627
7958,7767
4446,621
13130,403
5686,10052
9665,11949
6637,10517
13785,14387
11799,8117
1769,6292
3101,7794
9125,4238
6541,1777
507,1924
9165,806
392,6779
3574,4006
13125,12552
8153,12229
12565,8279
11617,2845
7482,3505
13603,13157
10955,10101
7959,3680
3594,7417
9982,9390
1956,2570
643,2981
7849,9682
13890,6185
12195,5708
7319,14337
8643,2825
6355,14260
435,4085
729,14199
1614,10308
11783,7308
5428,12379
2463,13345
8836,4684
12654,458
1487,6917
227,8287
4403,8041
12389,7899
8678,10620
9076,10147
12508,3481
10339,3780
7076,4561
14482,4216
8660,43
2505,7307
1139,14627
5825,367
2327,5477
136,5503
11813,6329
2953,2511
2519,1488
2444,10204
10501,11310
8091,705
13206,1929
8143,12185
8933,4001
2293,6954
8956,9164
12124,13074
8952,2797
10450,3646
4537,2205
6102,2949
1466,4621
9805,6055
7449,861
12848,8727
6198,14179
4405,6119
13321,3758
5036,11194
5249,11062
7153,1981
805,14237
5308,2103
7643,577
5427,8440
8558,3957
12265,14415
12890,4655
7713,10228
8586,8126
3905,9962
10086,9031
6111,7292
4155,6770
6217,4440
1463,14107
6161,14025
4161,1057
501,14313
4475,10267
8778,11053
2777,4753
10395,3963
8454,12151
4461,2087
10535,13469
4649,9230
14452,3958
145,10211
10954,8081
4000,4132
7955,2943
5535,4938
12313,3168
5342,6218
1447,5739
553,13232
13624,6056
5895,7671
3979,1371
2814,8656
12838,4859
10595,5683
2789,1526
1128,8498
7904,12545
8137,10886
13113,5332
2821,2047
3767,9015
14212,13841
12325,2613
8924,6609
7083,7801
2381,10201
8043,7377
1702,9866
5004,1036
1366,11577
8142,4635
547,12417
12895,4295
1728,10342
2689,8389
9398,13163
1038,4839
988,3527
4663,9244
7774,5757
9022,524
6255,5291
5392,6594
2334,2602
7158,2096
8793,2285
11684,4679
7093,9732
2360,9300
11697,208
13668,11625
1033,3998
13676,9501
1882,12891
8780,8482
3395,6883
1626,11812
5882,11382
9121,12023
11608,13594
3406,5350
3384,13513
8088,12596
11473,9936
6367,11596